match start at Sat Feb  8 19:49:22 2020
send player 0, 46 bytes
send player 1, 46 bytes
send player 0, 46 bytes
send player 1, 46 bytes
send player 0, 46 bytes
send player 1, 46 bytes
match start at Sat Feb  8 19:51:03 2020
send player 0, 46 bytes
send player 1, 46 bytes
send player 0, 46 bytes
send player 1, 46 bytes
send player 0, 46 bytes
send player 1, 46 bytes
send player 0, 5065 bytes
send player 1, 5065 bytes
0000440000  0000000000
0000440000  0000000000
0000000000  0000000000
0000000000  0000000000
0000000000  0000000000
0000000000  0000000000
0000000000  0000000000
0000000000  0000000000
0000000000  0000000000
0000000000  0000000000
0000000000  0000000000
0000000000  0000000000
0000000000  0000000000
0000000000  0000000000
0000000000  0000000000
0000000000  0000000000
0000000000  0000000000
0000000000  0000000000
0000000000  0000000000
0000000000  0000000000
send player 0, 400 bytes
send player 1, 400 bytes
server received from player 0:
server received from player 1:
player 0 timeout.
0000000000  0000440000
0000440000  0000440000
0000440000  0000000000
0000000000  0000000000
0000000000  0000000000
0000000000  0000000000
0000000000  0000000000
0000000000  0000000000
0000000000  0000000000
0000000000  0000000000
0000000000  0000000000
0000000000  0000000000
0000000000  0000000000
0000000000  0000000000
0000000000  0000000000
0000000000  0000000000
0000000000  0000000000
0000000000  0000000000
0000000000  0000000000
0000000000  0000000000
send player 0, 140 bytes
send player 1, 140 bytes
player 1 timeout.
0000000000  0000000000
0000440000  0000440000
0000440000  0000440000
0000000000  0000000000
0000000000  0000000000
0000000000  0000000000
0000000000  0000000000
0000000000  0000000000
0000000000  0000000000
0000000000  0000000000
0000000000  0000000000
0000000000  0000000000
0000000000  0000000000
0000000000  0000000000
0000000000  0000000000
0000000000  0000000000
0000000000  0000000000
0000000000  0000000000
0000000000  0000000000
0000000000  0000000000
send player 0, 280 bytes
send player 1, 280 bytes
player 0 timeout.
0000000000  0000000000
0000000000  0000440000
0000440000  0000440000
0000440000  0000000000
0000000000  0000000000
0000000000  0000000000
0000000000  0000000000
0000000000  0000000000
0000000000  0000000000
0000000000  0000000000
0000000000  0000000000
0000000000  0000000000
0000000000  0000000000
0000000000  0000000000
0000000000  0000000000
0000000000  0000000000
0000000000  0000000000
0000000000  0000000000
0000000000  0000000000
0000000000  0000000000
send player 0, 140 bytes
send player 1, 140 bytes
player 1 timeout.
0000000000  0000000000
0000000000  0000000000
0000440000  0000440000
0000440000  0000440000
0000000000  0000000000
0000000000  0000000000
0000000000  0000000000
0000000000  0000000000
0000000000  0000000000
0000000000  0000000000
0000000000  0000000000
0000000000  0000000000
0000000000  0000000000
0000000000  0000000000
0000000000  0000000000
0000000000  0000000000
0000000000  0000000000
0000000000  0000000000
0000000000  0000000000
0000000000  0000000000
send player 0, 280 bytes
send player 1, 280 bytes
player 0 timeout.
0000000000  0000000000
0000000000  0000000000
0000000000  0000440000
0000440000  0000440000
0000440000  0000000000
0000000000  0000000000
0000000000  0000000000
0000000000  0000000000
0000000000  0000000000
0000000000  0000000000
0000000000  0000000000
0000000000  0000000000
0000000000  0000000000
0000000000  0000000000
0000000000  0000000000
0000000000  0000000000
0000000000  0000000000
0000000000  0000000000
0000000000  0000000000
0000000000  0000000000
send player 0, 142 bytes
send player 1, 142 bytes
player 1 timeout.
0000000000  0000000000
0000000000  0000000000
0000000000  0000000000
0000440000  0000440000
0000440000  0000440000
0000000000  0000000000
0000000000  0000000000
0000000000  0000000000
0000000000  0000000000
0000000000  0000000000
0000000000  0000000000
0000000000  0000000000
0000000000  0000000000
0000000000  0000000000
0000000000  0000000000
0000000000  0000000000
0000000000  0000000000
0000000000  0000000000
0000000000  0000000000
0000000000  0000000000
send player 0, 284 bytes
send player 1, 284 bytes
player 0 timeout.
0000000000  0000000000
0000000000  0000000000
0000000000  0000000000
0000000000  0000440000
0000440000  0000440000
0000440000  0000000000
0000000000  0000000000
0000000000  0000000000
0000000000  0000000000
0000000000  0000000000
0000000000  0000000000
0000000000  0000000000
0000000000  0000000000
0000000000  0000000000
0000000000  0000000000
0000000000  0000000000
0000000000  0000000000
0000000000  0000000000
0000000000  0000000000
0000000000  0000000000
send player 0, 144 bytes
send player 1, 144 bytes
player 1 timeout.
0000000000  0000000000
0000000000  0000000000
0000000000  0000000000
0000000000  0000000000
0000440000  0000440000
0000440000  0000440000
0000000000  0000000000
0000000000  0000000000
0000000000  0000000000
0000000000  0000000000
0000000000  0000000000
0000000000  0000000000
0000000000  0000000000
0000000000  0000000000
0000000000  0000000000
0000000000  0000000000
0000000000  0000000000
0000000000  0000000000
0000000000  0000000000
0000000000  0000000000
send player 0, 288 bytes
send player 1, 288 bytes
player 0 timeout.
0000000000  0000000000
0000000000  0000000000
0000000000  0000000000
0000000000  0000000000
0000000000  0000440000
0000440000  0000440000
0000440000  0000000000
0000000000  0000000000
0000000000  0000000000
0000000000  0000000000
0000000000  0000000000
0000000000  0000000000
0000000000  0000000000
0000000000  0000000000
0000000000  0000000000
0000000000  0000000000
0000000000  0000000000
0000000000  0000000000
0000000000  0000000000
0000000000  0000000000
send player 0, 146 bytes
send player 1, 146 bytes
player 1 timeout.
0000000000  0000000000
0000000000  0000000000
0000000000  0000000000
0000000000  0000000000
0000000000  0000000000
0000440000  0000440000
0000440000  0000440000
0000000000  0000000000
0000000000  0000000000
0000000000  0000000000
0000000000  0000000000
0000000000  0000000000
0000000000  0000000000
0000000000  0000000000
0000000000  0000000000
0000000000  0000000000
0000000000  0000000000
0000000000  0000000000
0000000000  0000000000
0000000000  0000000000
send player 0, 292 bytes
send player 1, 292 bytes
player 0 timeout.
0000000000  0000000000
0000000000  0000000000
0000000000  0000000000
0000000000  0000000000
0000000000  0000000000
0000000000  0000440000
0000440000  0000440000
0000440000  0000000000
0000000000  0000000000
0000000000  0000000000
0000000000  0000000000
0000000000  0000000000
0000000000  0000000000
0000000000  0000000000
0000000000  0000000000
0000000000  0000000000
0000000000  0000000000
0000000000  0000000000
0000000000  0000000000
0000000000  0000000000
send player 0, 148 bytes
send player 1, 148 bytes
player 1 timeout.
0000000000  0000000000
0000000000  0000000000
0000000000  0000000000
0000000000  0000000000
0000000000  0000000000
0000000000  0000000000
0000440000  0000440000
0000440000  0000440000
0000000000  0000000000
0000000000  0000000000
0000000000  0000000000
0000000000  0000000000
0000000000  0000000000
0000000000  0000000000
0000000000  0000000000
0000000000  0000000000
0000000000  0000000000
0000000000  0000000000
0000000000  0000000000
0000000000  0000000000
send player 0, 296 bytes
send player 1, 296 bytes
player 0 timeout.
0000000000  0000000000
0000000000  0000000000
0000000000  0000000000
0000000000  0000000000
0000000000  0000000000
0000000000  0000000000
0000000000  0000440000
0000440000  0000440000
0000440000  0000000000
0000000000  0000000000
0000000000  0000000000
0000000000  0000000000
0000000000  0000000000
0000000000  0000000000
0000000000  0000000000
0000000000  0000000000
0000000000  0000000000
0000000000  0000000000
0000000000  0000000000
0000000000  0000000000
send player 0, 148 bytes
send player 1, 148 bytes
player 1 timeout.
0000000000  0000000000
0000000000  0000000000
0000000000  0000000000
0000000000  0000000000
0000000000  0000000000
0000000000  0000000000
0000000000  0000000000
0000440000  0000440000
0000440000  0000440000
0000000000  0000000000
0000000000  0000000000
0000000000  0000000000
0000000000  0000000000
0000000000  0000000000
0000000000  0000000000
0000000000  0000000000
0000000000  0000000000
0000000000  0000000000
0000000000  0000000000
0000000000  0000000000
send player 0, 296 bytes
send player 1, 296 bytes
player 0 timeout.
0000000000  0000000000
0000000000  0000000000
0000000000  0000000000
0000000000  0000000000
0000000000  0000000000
0000000000  0000000000
0000000000  0000000000
0000000000  0000440000
0000440000  0000440000
0000440000  0000000000
0000000000  0000000000
0000000000  0000000000
0000000000  0000000000
0000000000  0000000000
0000000000  0000000000
0000000000  0000000000
0000000000  0000000000
0000000000  0000000000
0000000000  0000000000
0000000000  0000000000
send player 0, 148 bytes
send player 1, 148 bytes
player 1 timeout.
0000000000  0000000000
0000000000  0000000000
0000000000  0000000000
0000000000  0000000000
0000000000  0000000000
0000000000  0000000000
0000000000  0000000000
0000000000  0000000000
0000440000  0000440000
0000440000  0000440000
0000000000  0000000000
0000000000  0000000000
0000000000  0000000000
0000000000  0000000000
0000000000  0000000000
0000000000  0000000000
0000000000  0000000000
0000000000  0000000000
0000000000  0000000000
0000000000  0000000000
send player 0, 296 bytes
send player 1, 296 bytes
player 0 timeout.
0000000000  0000000000
0000000000  0000000000
0000000000  0000000000
0000000000  0000000000
0000000000  0000000000
0000000000  0000000000
0000000000  0000000000
0000000000  0000000000
0000000000  0000440000
0000440000  0000440000
0000440000  0000000000
0000000000  0000000000
0000000000  0000000000
0000000000  0000000000
0000000000  0000000000
0000000000  0000000000
0000000000  0000000000
0000000000  0000000000
0000000000  0000000000
0000000000  0000000000
send player 0, 148 bytes
send player 1, 148 bytes
player 1 timeout.
0000000000  0000000000
0000000000  0000000000
0000000000  0000000000
0000000000  0000000000
0000000000  0000000000
0000000000  0000000000
0000000000  0000000000
0000000000  0000000000
0000000000  0000000000
0000440000  0000440000
0000440000  0000440000
0000000000  0000000000
0000000000  0000000000
0000000000  0000000000
0000000000  0000000000
0000000000  0000000000
0000000000  0000000000
0000000000  0000000000
0000000000  0000000000
0000000000  0000000000
send player 0, 296 bytes
send player 1, 296 bytes
server received from player 1:
close fd = 5
send player 1, 7 bytes
player 0 timeout.
0000000000  0000000000
0000000000  0000000000
0000000000  0000000000
0000000000  0000000000
0000000000  0000000000
0000000000  0000000000
0000000000  0000000000
0000000000  0000000000
0000000000  0000000000
0000000000  0000440000
0000440000  0000440000
0000440000  0000000000
0000000000  0000000000
0000000000  0000000000
0000000000  0000000000
0000000000  0000000000
0000000000  0000000000
0000000000  0000000000
0000000000  0000000000
0000000000  0000000000
send player 0, 148 bytes
player 1 timeout.
0000000000  0000000000
0000000000  0000000000
0000000000  0000000000
0000000000  0000000000
0000000000  0000000000
0000000000  0000000000
0000000000  0000000000
0000000000  0000000000
0000000000  0000000000
0000000000  0000000000
0000440000  0000440000
0000440000  0000440000
0000000000  0000000000
0000000000  0000000000
0000000000  0000000000
0000000000  0000000000
0000000000  0000000000
0000000000  0000000000
0000000000  0000000000
0000000000  0000000000
send player 0, 296 bytes
player 0 timeout.
0000000000  0000000000
0000000000  0000000000
0000000000  0000000000
0000000000  0000000000
0000000000  0000000000
0000000000  0000000000
0000000000  0000000000
0000000000  0000000000
0000000000  0000000000
0000000000  0000000000
0000000000  0000440000
0000440000  0000440000
0000440000  0000000000
0000000000  0000000000
0000000000  0000000000
0000000000  0000000000
0000000000  0000000000
0000000000  0000000000
0000000000  0000000000
0000000000  0000000000
send player 0, 148 bytes
player 1 timeout.
0000000000  0000000000
0000000000  0000000000
0000000000  0000000000
0000000000  0000000000
0000000000  0000000000
0000000000  0000000000
0000000000  0000000000
0000000000  0000000000
0000000000  0000000000
0000000000  0000000000
0000000000  0000000000
0000440000  0000440000
0000440000  0000440000
0000000000  0000000000
0000000000  0000000000
0000000000  0000000000
0000000000  0000000000
0000000000  0000000000
0000000000  0000000000
0000000000  0000000000
send player 0, 296 bytes
server received from player 0:
server received from player 0:
player 0 timeout.
0000000000  0000000000
0000000000  0000000000
0000000000  0000000000
0000000000  0000000000
0000000000  0000000000
0000000000  0000000000
0000000000  0000000000
0000000000  0000000000
0000000000  0000000000
0000000000  0000000000
0000000000  0000000000
0000000000  0000440000
0000440000  0000440000
0000440000  0000000000
0000000000  0000000000
0000000000  0000000000
0000000000  0000000000
0000000000  0000000000
0000000000  0000000000
0000000000  0000000000
send player 0, 148 bytes
player 1 timeout.
0000000000  0000000000
0000000000  0000000000
0000000000  0000000000
0000000000  0000000000
0000000000  0000000000
0000000000  0000000000
0000000000  0000000000
0000000000  0000000000
0000000000  0000000000
0000000000  0000000000
0000000000  0000000000
0000000000  0000000000
0000440000  0000440000
0000440000  0000440000
0000000000  0000000000
0000000000  0000000000
0000000000  0000000000
0000000000  0000000000
0000000000  0000000000
0000000000  0000000000
send player 0, 296 bytes
player 0 timeout.
0000000000  0000000000
0000000000  0000000000
0000000000  0000000000
0000000000  0000000000
0000000000  0000000000
0000000000  0000000000
0000000000  0000000000
0000000000  0000000000
0000000000  0000000000
0000000000  0000000000
0000000000  0000000000
0000000000  0000000000
0000000000  0000440000
0000440000  0000440000
0000440000  0000000000
0000000000  0000000000
0000000000  0000000000
0000000000  0000000000
0000000000  0000000000
0000000000  0000000000
send player 0, 148 bytes
player 1 timeout.
0000000000  0000000000
0000000000  0000000000
0000000000  0000000000
0000000000  0000000000
0000000000  0000000000
0000000000  0000000000
0000000000  0000000000
0000000000  0000000000
0000000000  0000000000
0000000000  0000000000
0000000000  0000000000
0000000000  0000000000
0000000000  0000000000
0000440000  0000440000
0000440000  0000440000
0000000000  0000000000
0000000000  0000000000
0000000000  0000000000
0000000000  0000000000
0000000000  0000000000
send player 0, 296 bytes
player 0 timeout.
0000000000  0000000000
0000000000  0000000000
0000000000  0000000000
0000000000  0000000000
0000000000  0000000000
0000000000  0000000000
0000000000  0000000000
0000000000  0000000000
0000000000  0000000000
0000000000  0000000000
0000000000  0000000000
0000000000  0000000000
0000000000  0000000000
0000000000  0000440000
0000440000  0000440000
0000440000  0000000000
0000000000  0000000000
0000000000  0000000000
0000000000  0000000000
0000000000  0000000000
send player 0, 148 bytes
player 1 timeout.
0000000000  0000000000
0000000000  0000000000
0000000000  0000000000
0000000000  0000000000
0000000000  0000000000
0000000000  0000000000
0000000000  0000000000
0000000000  0000000000
0000000000  0000000000
0000000000  0000000000
0000000000  0000000000
0000000000  0000000000
0000000000  0000000000
0000000000  0000000000
0000440000  0000440000
0000440000  0000440000
0000000000  0000000000
0000000000  0000000000
0000000000  0000000000
0000000000  0000000000
send player 0, 296 bytes
server received from player 0:
close fd = 4
send player 0, 7 bytes
match ended
match close at Sat Feb  8 19:51:18 2020
